[soe][Equalizer#0]
numBands=8
outputGain=-7

[soe][Equalizer#0#left]
band0Frequency=100
band0Gain=-36
band0Q=0.7
band0Type=2
band10Type=0
band11Type=0
band12Type=0
band13Type=0
band14Type=0
band15Type=0
band16Type=0
band17Type=0
band18Type=0
band19Type=0
band1Frequency=125
band1Gain=7.600000000000001
band1Q=1.4
band20Type=0
band21Type=0
band22Type=0
band23Type=0
band24Type=0
band25Type=0
band26Type=0
band27Type=0
band28Type=0
band29Type=0
band2Frequency=250
band2Gain=7.439999999999998
band2Q=1.4
band30Type=0
band31Type=0
band3Frequency=500
band3Gain=-4.359999999999999
band3Q=1.4
band4Frequency=1000
band4Gain=0.020000000000003126
band4Q=1.4
band5Frequency=4000
band5Gain=4.32
band5Q=1.4
band6Frequency=8000
band6Gain=6.600000000000001
band6Q=1.4
band7Frequency=16000
band7Gain=-36
band7Q=0.7
band7Type=4
band8Type=0
band9Type=0

[soe][Equalizer#0#right]
band0Frequency=100
band0Gain=-36
band0Q=0.7
band0Type=2
band10Type=0
band11Type=0
band12Type=0
band13Type=0
band14Type=0
band15Type=0
band16Type=0
band17Type=0
band18Type=0
band19Type=0
band1Frequency=125
band1Gain=7.600000000000001
band1Q=1.4
band20Type=0
band21Type=0
band22Type=0
band23Type=0
band24Type=0
band25Type=0
band26Type=0
band27Type=0
band28Type=0
band29Type=0
band2Frequency=250
band2Gain=7.439999999999998
band2Q=1.4
band30Type=0
band31Type=0
band3Frequency=500
band3Gain=-4.359999999999999
band3Q=1.4
band4Frequency=1000
band4Gain=0.020000000000003126
band4Q=1.4
band5Frequency=4000
band5Gain=4.32
band5Q=1.4
band6Frequency=8000
band6Gain=6.600000000000001
band6Q=1.4
band7Frequency=16000
band7Gain=-36
band7Q=0.7
band7Type=4
band8Type=0
band9Type=0

[soe][Equalizer#1]
numBands=2

[soe][Equalizer#1#left]
band0Frequency=100
band0Gain=-36
band0Q=1.4
band0Type=2
band10Type=0
band11Type=0
band12Type=0
band13Type=0
band14Type=0
band15Type=0
band16Type=0
band17Type=0
band18Type=0
band19Type=0
band1Frequency=16000
band1Gain=-36
band1Q=1.4
band1Type=4
band20Type=0
band21Type=0
band22Type=0
band23Type=0
band24Type=0
band25Type=0
band26Type=0
band27Type=0
band28Type=0
band29Type=0
band2Type=0
band30Type=0
band31Type=0
band3Type=0
band4Type=0
band5Type=0
band6Type=0
band7Type=0
band8Type=0
band9Type=0

[soe][Equalizer#1#right]
band0Frequency=100
band0Gain=-36
band0Q=1.4
band0Type=2
band10Type=0
band11Type=0
band12Type=0
band13Type=0
band14Type=0
band15Type=0
band16Type=0
band17Type=0
band18Type=0
band19Type=0
band1Frequency=16000
band1Gain=-36
band1Q=1.4
band1Type=4
band20Type=0
band21Type=0
band22Type=0
band23Type=0
band24Type=0
band25Type=0
band26Type=0
band27Type=0
band28Type=0
band29Type=0
band2Type=0
band30Type=0
band31Type=0
band3Type=0
band4Type=0
band5Type=0
band6Type=0
band7Type=0
band8Type=0
band9Type=0

[soe][Equalizer#2]
numBands=2

[soe][Equalizer#2#left]
band0Frequency=100
band0Gain=-36
band0Q=1.4
band0Type=2
band10Type=0
band11Type=0
band12Type=0
band13Type=0
band14Type=0
band15Type=0
band16Type=0
band17Type=0
band18Type=0
band19Type=0
band1Frequency=16000
band1Gain=-36
band1Q=1.4
band1Type=4
band20Type=0
band21Type=0
band22Type=0
band23Type=0
band24Type=0
band25Type=0
band26Type=0
band27Type=0
band28Type=0
band29Type=0
band2Type=0
band30Type=0
band31Type=0
band3Type=0
band4Type=0
band5Type=0
band6Type=0
band7Type=0
band8Type=0
band9Type=0

[soe][Equalizer#2#right]
band0Frequency=100
band0Gain=-36
band0Q=1.4
band0Type=2
band10Type=0
band11Type=0
band12Type=0
band13Type=0
band14Type=0
band15Type=0
band16Type=0
band17Type=0
band18Type=0
band19Type=0
band1Frequency=16000
band1Gain=-36
band1Q=1.4
band1Type=4
band20Type=0
band21Type=0
band22Type=0
band23Type=0
band24Type=0
band25Type=0
band26Type=0
band27Type=0
band28Type=0
band29Type=0
band2Type=0
band30Type=0
band31Type=0
band3Type=0
band4Type=0
band5Type=0
band6Type=0
band7Type=0
band8Type=0
band9Type=0
